0.2041	0.1049	0.2582	0.1591
0.6016	0.5498	0.6547	0.6030
0.7598	0.2139	0.8251	0.2792
0.6702	0.3534	0.7357	0.4188
0.0370	0.2651	0.0855	0.3136
0.9308	0.2723	0.9912	0.3327
0.3341	0.8763	0.3768	0.9190
0.0288	0.6148	0.0993	0.6853
0.4195	0.3430	0.4708	0.3943
0.0836	0.0425	0.1349	0.0938
0.0625	0.2646	0.1092	0.3113
0.9225	0.6725	0.9799	0.7300
0.3979	0.6505	0.4447	0.6973
0.9411	0.0795	1.0000	0.1383
0.8778	0.1809	0.9140	0.2171
0.3578	0.5790	0.3967	0.6179
0.4418	0.9679	0.4739	1.0000
0.2818	0.3742	0.3292	0.4216
0.5906	0.6023	0.6323	0.6439
0.8285	0.8981	0.8877	0.9573
0.9264	0.1136	0.9817	0.1690
0.2060	0.2938	0.2629	0.3507
0.0421	0.5901	0.0818	0.6297
0.4754	0.8975	0.5401	0.9622
0.2005	0.6097	0.2487	0.6579
0.4727	0.5013	0.5254	0.5539
0.5042	0.0000	0.5489	0.0447
0.5875	0.0628	0.6419	0.1172
0.8931	0.3649	0.9381	0.4100
0.0438	0.4969	0.0863	0.5394
0.1090	0.5800	0.1463	0.6173
0.3292	0.4078	0.3693	0.4479
0.8927	0.4690	0.9553	0.5317
0.5887	0.8591	0.6588	0.9292
0.0946	0.4070	0.1329	0.4453
0.9003	0.8958	0.9552	0.9506
0.4598	0.0984	0.5182	0.1569
0.2340	0.0528	0.2990	0.1179
0.5024	0.0000	0.5279	0.0255
0.0719	0.6552	0.1277	0.7111
0.2066	0.6560	0.2656	0.7149
0.5798	0.0468	0.6476	0.1146
0.0539	0.3840	0.1112	0.4413
0.9673	0.8769	1.0000	0.9096
0.8062	0.2722	0.8659	0.3319
0.2401	0.5031	0.3004	0.5634
0.6029	0.3305	0.6486	0.3762
0.3599	0.9244	0.4254	0.9900
0.0000	0.5210	0.0258	0.5469
0.7393	0.7587	0.8033	0.8227
0.8606	0.1875	0.9206	0.2476
0.0531	0.1676	0.1071	0.2216
0.5866	0.0950	0.6345	0.1429
0.0475	0.9005	0.1142	0.9672
0.1193	0.7669	0.1793	0.8269
0.6844	0.6045	0.7347	0.6548
0.7319	0.9666	0.7653	1.0000
0.7918	0.4344	0.8443	0.4870
0.8368	0.9163	0.8808	0.9603
0.2514	0.8373	0.2985	0.8843
0.5485	0.4389	0.5897	0.4800
0.4342	0.7963	0.4704	0.8325
0.6750	0.7681	0.7114	0.8045
0.6179	0.4303	0.6764	0.4888
0.3786	0.3347	0.4376	0.3937
0.8414	0.6071	0.8967	0.6623
0.0101	0.2042	0.0704	0.2645
0.4838	0.4840	0.5389	0.5391
0.9240	0.3192	0.9638	0.3591
0.2268	0.5149	0.2762	0.5643
0.9108	0.4993	0.9621	0.5506
0.0698	0.8810	0.1404	0.9516
0.0000	0.2645	0.0243	0.2887
0.5593	0.9303	0.5957	0.9667
0.8534	0.3471	0.9022	0.3959
0.0899	0.9510	0.1352	0.9963
0.0937	0.5831	0.1352	0.6246
0.4849	0.3788	0.5360	0.4299
0.1783	0.3779	0.2362	0.4358
0.6801	0.9200	0.7423	0.9821
0.5711	0.8686	0.6299	0.9275
0.8541	0.7603	0.8915	0.7977
0.9102	0.5081	0.9697	0.5676
0.2898	0.2889	0.3286	0.3277
0.3629	0.7384	0.4123	0.7878
0.1304	0.2113	0.1713	0.2522
0.0005	0.2253	0.0365	0.2612
0.0390	0.4316	0.0904	0.4830
0.0071	0.7593	0.0636	0.8158
0.6827	0.5437	0.7280	0.5890
0.9054	0.8559	0.9509	0.9014
0.0513	0.8477	0.1075	0.9039
0.7236	0.5882	0.7670	0.6316
0.1970	0.7369	0.2529	0.7928
0.8210	0.8777	0.8885	0.9452
0.0327	0.4315	0.0783	0.4772
0.9079	0.5491	0.9745	0.6157
0.5281	0.6574	0.5877	0.7170
0.1406	0.4686	0.1901	0.5180
0.3097	0.4053	0.3583	0.4539
0.5467	0.0000	0.5740	0.0273
0.5293	0.6188	0.5755	0.6650
0.3721	0.7549	0.4209	0.8037
0.0121	0.0000	0.0452	0.0331
0.6455	0.9635	0.6821	1.0000
0.1637	0.0469	0.2130	0.0962
0.6806	0.7467	0.7256	0.7917
0.1364	0.7630	0.1727	0.7994
0.9459	0.4967	0.9845	0.5354
0.5095	0.7806	0.5482	0.8193
0.7335	0.3306	0.7749	0.3720
0.5774	0.0000	0.6232	0.0458
0.4629	0.7200	0.5160	0.7731
0.5817	0.6517	0.6198	0.6898
0.6018	0.9018	0.6642	0.9643
0.1299	0.7983	0.1700	0.8384
0.2283	0.1800	0.2915	0.2431
0.7870	0.0853	0.8295	0.1278
0.1513	0.0000	0.1787	0.0274
0.8533	0.9586	0.8932	0.9985
0.5041	0.1279	0.5593	0.1831
0.5743	0.9117	0.6173	0.9547
0.0000	0.4242	0.0280	0.4522
0.8208	0.6277	0.8798	0.6866
0.7569	0.6033	0.7986	0.6450
0.3968	0.0482	0.4582	0.1096
0.4173	0.7947	0.4562	0.8335
0.6357	0.5800	0.6951	0.6395
0.3018	0.4561	0.3704	0.5247
0.4190	0.0744	0.4802	0.1356
0.8247	0.3812	0.8674	0.4240
0.3405	0.8567	0.4003	0.9165
0.0327	0.7098	0.0989	0.7760
0.5044	0.0309	0.5524	0.0789
0.4817	0.3103	0.5238	0.3524
0.7574	0.6628	0.8062	0.7116
0.0729	0.5963	0.1249	0.6483
0.5065	0.0168	0.5618	0.0721
0.8642	0.2384	0.9026	0.2768
0.0102	0.0000	0.0419	0.0317
0.7617	0.6438	0.8114	0.6935
0.8805	0.8816	0.9264	0.9275
0.4535	0.5758	0.4945	0.6167
0.4842	0.8023	0.5318	0.8500
0.6518	0.8969	0.7216	0.9668
0.4816	0.0000	0.5169	0.0352
0.1690	0.8266	0.2057	0.8632
0.8393	0.4705	0.8754	0.5066
0.6666	0.0914	0.7189	0.1437
0.2685	0.4570	0.3140	0.5024
0.8856	0.3744	0.9437	0.4325
0.8427	0.5651	0.8885	0.6109
0.7203	0.1857	0.7634	0.2288
0.6561	0.1780	0.6923	0.2142
0.6262	0.9295	0.6947	0.9980
0.0000	0.4937	0.0457	0.5394
0.9722	0.2099	1.0000	0.2377
0.1608	0.8266	0.2286	0.8944
0.9045	0.7624	0.9464	0.8043
0.3542	0.0000	0.3815	0.0273
0.9133	0.2070	0.9586	0.2523
0.7004	0.9109	0.7620	0.9725
0.9020	0.0000	0.9279	0.0259
0.1345	0.7008	0.1803	0.7466
0.8846	0.0432	0.9348	0.0934
0.2564	0.3937	0.3157	0.4530
0.3529	0.3645	0.4109	0.4225
0.5205	0.2202	0.5619	0.2616
0.8406	0.5869	0.8998	0.6461
0.0426	0.6129	0.0796	0.6499
0.6675	0.3768	0.7289	0.4383
0.8371	0.8795	0.8919	0.9343
0.4408	0.1290	0.4775	0.1658
0.1452	0.7425	0.2098	0.8071
0.4606	0.7370	0.5156	0.7919
0.7589	0.6575	0.7975	0.6961
0.4967	0.1923	0.5585	0.2542
0.4011	0.3960	0.4465	0.4414
0.6850	0.8264	0.7343	0.8757
0.8331	0.6012	0.8770	0.6451
0.6202	0.0139	0.6690	0.0627
0.8760	0.6582	0.9394	0.7216
0.0050	0.6522	0.0469	0.6940
0.7378	0.4609	0.7951	0.5182
0.2912	0.5314	0.3305	0.5707
0.3473	0.5344	0.3949	0.5820
0.7978	0.1677	0.8507	0.2206
0.2663	0.7511	0.3057	0.7905
0.8455	0.7832	0.9010	0.8386
0.6640	0.0918	0.7085	0.1363
0.1715	0.1686	0.2117	0.2088
0.4158	0.0000	0.4622	0.0463
0.1683	0.5258	0.2173	0.5748
0.0448	0.9215	0.1010	0.9777
0.3079	0.1837	0.3646	0.2404
0.5278	0.6816	0.5776	0.7314
0.7716	0.7286	0.8130	0.7700
0.1152	0.1073	0.1583	0.1504
0.0678	0.2495	0.1377	0.3194
0.1896	0.5744	0.2382	0.6231
